1.751000000000000000e+03 3.000000000000000062e-03
1.752000000000000000e+03 3.000000000000000062e-03
1.753000000000000000e+03 3.000000000000000062e-03
1.754000000000000000e+03 3.000000000000000062e-03
1.755000000000000000e+03 3.000000000000000062e-03
1.756000000000000000e+03 3.000000000000000062e-03
1.757000000000000000e+03 3.000000000000000062e-03
1.758000000000000000e+03 3.000000000000000062e-03
1.759000000000000000e+03 3.000000000000000062e-03
1.760000000000000000e+03 3.000000000000000062e-03
1.761000000000000000e+03 3.000000000000000062e-03
1.762000000000000000e+03 3.000000000000000062e-03
1.763000000000000000e+03 3.000000000000000062e-03
1.764000000000000000e+03 3.000000000000000062e-03
1.765000000000000000e+03 3.000000000000000062e-03
1.766000000000000000e+03 3.000000000000000062e-03
1.767000000000000000e+03 3.000000000000000062e-03
1.768000000000000000e+03 3.000000000000000062e-03
1.769000000000000000e+03 3.000000000000000062e-03
1.770000000000000000e+03 3.000000000000000062e-03
1.771000000000000000e+03 4.000000000000000083e-03
1.772000000000000000e+03 4.000000000000000083e-03
1.773000000000000000e+03 4.000000000000000083e-03
1.774000000000000000e+03 4.000000000000000083e-03
1.775000000000000000e+03 4.000000000000000083e-03
1.776000000000000000e+03 4.000000000000000083e-03
1.777000000000000000e+03 4.000000000000000083e-03
1.778000000000000000e+03 4.000000000000000083e-03
1.779000000000000000e+03 4.000000000000000083e-03
1.780000000000000000e+03 4.000000000000000083e-03
1.781000000000000000e+03 5.000000000000000104e-03
1.782000000000000000e+03 5.000000000000000104e-03
1.783000000000000000e+03 5.000000000000000104e-03
1.784000000000000000e+03 5.000000000000000104e-03
1.785000000000000000e+03 5.000000000000000104e-03
1.786000000000000000e+03 5.000000000000000104e-03
1.787000000000000000e+03 5.000000000000000104e-03
1.788000000000000000e+03 5.000000000000000104e-03
1.789000000000000000e+03 5.000000000000000104e-03
1.790000000000000000e+03 5.000000000000000104e-03
1.791000000000000000e+03 6.000000000000000125e-03
1.792000000000000000e+03 6.000000000000000125e-03
1.793000000000000000e+03 6.000000000000000125e-03
1.794000000000000000e+03 6.000000000000000125e-03
1.795000000000000000e+03 6.000000000000000125e-03
1.796000000000000000e+03 6.000000000000000125e-03
1.797000000000000000e+03 7.000000000000000146e-03
1.798000000000000000e+03 7.000000000000000146e-03
1.799000000000000000e+03 7.000000000000000146e-03
1.800000000000000000e+03 8.000000000000000167e-03
1.801000000000000000e+03 8.000000000000000167e-03
1.802000000000000000e+03 1.000000000000000021e-02
1.803000000000000000e+03 8.999999999999999320e-03
1.804000000000000000e+03 8.999999999999999320e-03
1.805000000000000000e+03 8.999999999999999320e-03
1.806000000000000000e+03 1.000000000000000021e-02
1.807000000000000000e+03 1.000000000000000021e-02
1.808000000000000000e+03 1.000000000000000021e-02
1.809000000000000000e+03 1.000000000000000021e-02
1.810000000000000000e+03 1.000000000000000021e-02
1.811000000000000000e+03 1.099999999999999936e-02
1.812000000000000000e+03 1.099999999999999936e-02
1.813000000000000000e+03 1.099999999999999936e-02
1.814000000000000000e+03 1.099999999999999936e-02
1.815000000000000000e+03 1.200000000000000025e-02
1.816000000000000000e+03 1.299999999999999940e-02
1.817000000000000000e+03 1.400000000000000029e-02
1.818000000000000000e+03 1.400000000000000029e-02
1.819000000000000000e+03 1.400000000000000029e-02
1.820000000000000000e+03 1.400000000000000029e-02
1.821000000000000000e+03 1.400000000000000029e-02
1.822000000000000000e+03 1.499999999999999944e-02
1.823000000000000000e+03 1.600000000000000033e-02
1.824000000000000000e+03 1.600000000000000033e-02
1.825000000000000000e+03 1.700000000000000122e-02
1.826000000000000000e+03 1.700000000000000122e-02
1.827000000000000000e+03 1.799999999999999864e-02
1.828000000000000000e+03 1.799999999999999864e-02
1.829000000000000000e+03 1.799999999999999864e-02
1.830000000000000000e+03 2.400000000000000050e-02
1.831000000000000000e+03 2.299999999999999961e-02
1.832000000000000000e+03 2.299999999999999961e-02
1.833000000000000000e+03 2.400000000000000050e-02
1.834000000000000000e+03 2.400000000000000050e-02
1.835000000000000000e+03 2.500000000000000139e-02
1.836000000000000000e+03 2.900000000000000147e-02
1.837000000000000000e+03 2.900000000000000147e-02
1.838000000000000000e+03 2.999999999999999889e-02
1.839000000000000000e+03 3.099999999999999978e-02
1.840000000000000000e+03 3.300000000000000155e-02
1.841000000000000000e+03 3.400000000000000244e-02
1.842000000000000000e+03 3.599999999999999728e-02
1.843000000000000000e+03 3.699999999999999817e-02
1.844000000000000000e+03 3.899999999999999994e-02
1.845000000000000000e+03 4.299999999999999656e-02
1.846000000000000000e+03 4.299999999999999656e-02
1.847000000000000000e+03 4.599999999999999922e-02
1.848000000000000000e+03 4.700000000000000011e-02
1.849000000000000000e+03 5.000000000000000278e-02
1.850000000000000000e+03 5.399999999999999939e-02
1.851000000000000000e+03 5.399999999999999939e-02
1.852000000000000000e+03 5.700000000000000205e-02
1.853000000000000000e+03 5.899999999999999689e-02
1.854000000000000000e+03 6.900000000000000577e-02
1.855000000000000000e+03 7.099999999999999367e-02
1.856000000000000000e+03 7.599999999999999811e-02
1.857000000000000000e+03 7.699999999999999900e-02
1.858000000000000000e+03 7.799999999999999989e-02
1.859000000000000000e+03 8.300000000000000433e-02
1.860000000000000000e+03 9.099999999999999756e-02
1.861000000000000000e+03 9.500000000000000111e-02
1.862000000000000000e+03 9.700000000000000289e-02
1.863000000000000000e+03 1.039999999999999952e-01
1.864000000000000000e+03 1.120000000000000023e-01
1.865000000000000000e+03 1.189999999999999947e-01
1.866000000000000000e+03 1.219999999999999973e-01
1.867000000000000000e+03 1.300000000000000044e-01
1.868000000000000000e+03 1.350000000000000089e-01
1.869000000000000000e+03 1.419999999999999873e-01
1.870000000000000000e+03 1.469999999999999918e-01
1.871000000000000000e+03 1.559999999999999998e-01
1.872000000000000000e+03 1.729999999999999871e-01
1.873000000000000000e+03 1.839999999999999969e-01
1.874000000000000000e+03 1.739999999999999880e-01
1.875000000000000000e+03 1.880000000000000004e-01
1.876000000000000000e+03 1.910000000000000031e-01
1.877000000000000000e+03 1.940000000000000058e-01
1.878000000000000000e+03 1.960000000000000075e-01
1.879000000000000000e+03 2.099999999999999922e-01
1.880000000000000000e+03 2.359999999999999876e-01
1.881000000000000000e+03 2.429999999999999938e-01
1.882000000000000000e+03 2.560000000000000053e-01
1.883000000000000000e+03 2.720000000000000195e-01
1.884000000000000000e+03 2.750000000000000222e-01
1.885000000000000000e+03 2.770000000000000240e-01
1.886000000000000000e+03 2.810000000000000275e-01
1.887000000000000000e+03 2.949999999999999845e-01
1.888000000000000000e+03 3.270000000000000129e-01
1.889000000000000000e+03 3.270000000000000129e-01
1.890000000000000000e+03 3.559999999999999831e-01
1.891000000000000000e+03 3.719999999999999973e-01
1.892000000000000000e+03 3.739999999999999991e-01
1.893000000000000000e+03 3.699999999999999956e-01
1.894000000000000000e+03 3.830000000000000071e-01
1.895000000000000000e+03 4.060000000000000275e-01
1.896000000000000000e+03 4.189999999999999836e-01
1.897000000000000000e+03 4.400000000000000022e-01
1.898000000000000000e+03 4.650000000000000244e-01
1.899000000000000000e+03 5.070000000000000062e-01
1.900000000000000000e+03 5.340000000000000302e-01
1.901000000000000000e+03 5.520000000000000462e-01
1.902000000000000000e+03 5.659999999999999476e-01
1.903000000000000000e+03 6.169999999999999929e-01
1.904000000000000000e+03 6.239999999999999991e-01
1.905000000000000000e+03 6.630000000000000338e-01
1.906000000000000000e+03 7.069999999999999618e-01
1.907000000000000000e+03 7.840000000000000302e-01
1.908000000000000000e+03 7.500000000000000000e-01
1.909000000000000000e+03 7.850000000000000311e-01
1.910000000000000000e+03 8.189999999999999503e-01
1.911000000000000000e+03 8.359999999999999654e-01
1.912000000000000000e+03 8.790000000000000036e-01
1.913000000000000000e+03 9.429999999999999494e-01
1.914000000000000000e+03 8.499999999999999778e-01
1.915000000000000000e+03 8.379999999999999671e-01
1.916000000000000000e+03 9.010000000000000231e-01
1.917000000000000000e+03 9.549999999999999600e-01
1.918000000000000000e+03 9.360000000000000542e-01
1.919000000000000000e+03 8.060000000000000497e-01
1.920000000000000000e+03 9.320000000000000506e-01
1.921000000000000000e+03 8.030000000000000471e-01
1.922000000000000000e+03 8.449999999999999734e-01
1.923000000000000000e+03 9.699999999999999734e-01
1.924000000000000000e+03 9.629999999999999671e-01
1.925000000000000000e+03 9.749999999999999778e-01
1.926000000000000000e+03 9.829999999999999849e-01
1.927000000000000000e+03 1.062000000000000055e+00
1.928000000000000000e+03 1.064999999999999947e+00
1.929000000000000000e+03 1.145000000000000018e+00
1.930000000000000000e+03 1.052999999999999936e+00
1.931000000000000000e+03 9.399999999999999467e-01
1.932000000000000000e+03 8.469999999999999751e-01
1.933000000000000000e+03 8.930000000000000160e-01
1.934000000000000000e+03 9.729999999999999760e-01
1.935000000000000000e+03 1.026999999999999913e+00
1.936000000000000000e+03 1.129999999999999893e+00
1.937000000000000000e+03 1.209000000000000075e+00
1.938000000000000000e+03 1.141999999999999904e+00
1.939000000000000000e+03 1.191999999999999948e+00
1.940000000000000000e+03 1.298999999999999932e+00
1.941000000000000000e+03 1.334000000000000075e+00
1.942000000000000000e+03 1.342000000000000082e+00
1.943000000000000000e+03 1.391000000000000014e+00
1.944000000000000000e+03 1.383000000000000007e+00
1.945000000000000000e+03 1.159999999999999920e+00
1.946000000000000000e+03 1.237999999999999989e+00
1.947000000000000000e+03 1.391999999999999904e+00
1.948000000000000000e+03 1.469000000000000083e+00
1.949000000000000000e+03 1.419000000000000039e+00
1.950000000000000000e+03 1.629999999999999893e+00
1.951000000000000000e+03 1.766999999999999904e+00
1.952000000000000000e+03 1.794999999999999929e+00
1.953000000000000000e+03 1.840999999999999970e+00
1.954000000000000000e+03 1.864999999999999991e+00
1.955000000000000000e+03 2.041999999999999815e+00
1.956000000000000000e+03 2.177000000000000046e+00
1.957000000000000000e+03 2.270000000000000018e+00
1.958000000000000000e+03 2.330000000000000071e+00
1.959000000000000000e+03 2.454000000000000181e+00
1.960000000000000000e+03 2.568999999999999950e+00
1.961000000000000000e+03 2.580000000000000071e+00
1.962000000000000000e+03 2.685999999999999943e+00
1.963000000000000000e+03 2.833000000000000185e+00
1.964000000000000000e+03 2.995000000000000107e+00
1.965000000000000000e+03 3.129999999999999893e+00
1.966000000000000000e+03 3.287999999999999812e+00
1.967000000000000000e+03 3.392999999999999794e+00
1.968000000000000000e+03 3.565999999999999837e+00
1.969000000000000000e+03 3.779999999999999805e+00
1.970000000000000000e+03 4.052999999999999936e+00
1.971000000000000000e+03 4.208000000000000185e+00
1.972000000000000000e+03 4.376000000000000334e+00
1.973000000000000000e+03 4.613999999999999879e+00
1.974000000000000000e+03 4.623000000000000220e+00
1.975000000000000000e+03 4.596000000000000085e+00
1.976000000000000000e+03 4.863999999999999879e+00
1.977000000000000000e+03 5.025999999999999801e+00
1.978000000000000000e+03 5.086999999999999744e+00
1.979000000000000000e+03 5.368999999999999773e+00
1.980000000000000000e+03 5.315000000000000391e+00
1.981000000000000000e+03 5.152000000000000135e+00
1.982000000000000000e+03 5.113000000000000433e+00
1.983000000000000000e+03 5.094000000000000306e+00
1.984000000000000000e+03 5.280000000000000249e+00
1.985000000000000000e+03 5.439000000000000057e+00
1.986000000000000000e+03 5.607000000000000206e+00
1.987000000000000000e+03 5.751999999999999780e+00
1.988000000000000000e+03 5.964999999999999858e+00
1.989000000000000000e+03 6.097000000000000419e+00
1.990000000000000000e+03 6.126999999999999780e+00
1.991000000000000000e+03 6.216999999999999638e+00
1.992000000000000000e+03 6.163999999999999702e+00
1.993000000000000000e+03 6.161999999999999922e+00
1.994000000000000000e+03 6.266000000000000014e+00
1.995000000000000000e+03 6.397999999999999687e+00
1.996000000000000000e+03 6.541999999999999815e+00
1.997000000000000000e+03 6.650999999999999801e+00
1.998000000000000000e+03 6.642999999999999794e+00
1.999000000000000000e+03 6.610000000000000320e+00
2.000000000000000000e+03 6.764999999999999680e+00
2.001000000000000000e+03 6.926999999999999602e+00
2.002000000000000000e+03 6.996000000000000441e+00
2.003000000000000000e+03 7.416000000000000369e+00
2.004000000000000000e+03 7.807000000000000384e+00
2.005000000000000000e+03 8.092999999999999972e+00
2.006000000000000000e+03 8.369999999999999218e+00
2.007000000000000000e+03 8.566000000000000725e+00
2.008000000000000000e+03 8.782999999999999474e+00
2.009000000000000000e+03 8.740000000000000213e+00
2.010000000000000000e+03 9.166999999999999815e+00
2.011000000000000000e+03 9.457000000000000739e+00
2.012000000000000000e+03 9.667999999999999261e+00
2.013000000000000000e+03 9.861000000000000654e+00
