1.700000000000000000e+03 6.034899999999999709e-01 3.713440000000000074e-01
1.820000000000000000e+03 1.041719999999999979e+00 6.944930000000000270e-01
1.870000000000000000e+03 1.271916000000000047e+00 1.110951999999999940e+00
1.900000000000000000e+03 1.563463999999999965e+00 1.973681999999999936e+00
1.913000000000000000e+03 1.791214000000000084e+00 2.733366000000000184e+00
1.940000000000000000e+03 2.295141999999999793e+00 4.502583999999999698e+00
1.950000000000000000e+03 2.525501000000000218e+00 5.336686000000000263e+00
1.951000000000000000e+03 2.569440999999999864e+00 5.651080000000000325e+00
1.952000000000000000e+03 2.616073999999999788e+00 5.912796000000000163e+00
1.953000000000000000e+03 2.664387000000000061e+00 6.211331000000000380e+00
1.954000000000000000e+03 2.715497000000000050e+00 6.423300000000000232e+00
1.955000000000000000e+03 2.767710999999999810e+00 6.832919000000000409e+00
1.956000000000000000e+03 2.821200999999999848e+00 7.154232999999999620e+00
1.957000000000000000e+03 2.878677999999999848e+00 7.427228000000000385e+00
1.958000000000000000e+03 2.937975999999999921e+00 7.664818000000000353e+00
1.959000000000000000e+03 2.994562000000000168e+00 8.015605000000000757e+00
1.960000000000000000e+03 3.040118000000000098e+00 8.434827999999999548e+00
1.961000000000000000e+03 3.080648000000000053e+00 8.727584000000000231e+00
1.962000000000000000e+03 3.133907999999999916e+00 9.138818000000000552e+00
1.963000000000000000e+03 3.199092999999999964e+00 9.537304000000000670e+00
1.964000000000000000e+03 3.263812000000000157e+00 1.022928300000000057e+01
1.965000000000000000e+03 3.330049999999999955e+00 1.076315199999999983e+01
1.966000000000000000e+03 3.398744000000000209e+00 1.134964899999999943e+01
1.967000000000000000e+03 3.467509999999999870e+00 1.177205299999999966e+01
1.968000000000000000e+03 3.538454000000000210e+00 1.241937800000000003e+01
1.969000000000000000e+03 3.610752000000000184e+00 1.310503300000000060e+01
1.970000000000000000e+03 3.685775000000000023e+00 1.377175000000000082e+01
1.971000000000000000e+03 3.763962999999999948e+00 1.434211299999999945e+01
1.972000000000000000e+03 3.840412000000000159e+00 1.502599799999999952e+01
1.973000000000000000e+03 3.916494000000000142e+00 1.602288799999999824e+01
1.974000000000000000e+03 3.991134999999999877e+00 1.639344600000000085e+01
1.975000000000000000e+03 4.064231000000000371e+00 1.664380600000000143e+01
1.976000000000000000e+03 4.134708999999999968e+00 1.745741299999999896e+01
1.977000000000000000e+03 4.206944000000000017e+00 1.816740499999999869e+01
1.978000000000000000e+03 4.279745000000000132e+00 1.896897600000000139e+01
1.979000000000000000e+03 4.356643000000000043e+00 1.964780999999999977e+01
1.980000000000000000e+03 4.433174000000000170e+00 2.004240000000000066e+01
1.981000000000000000e+03 4.507812000000000374e+00 2.043848799999999954e+01
1.982000000000000000e+03 4.579499000000000208e+00 2.066665899999999922e+01
1.983000000000000000e+03 4.667952999999999797e+00 2.125835500000000167e+01
1.984000000000000000e+03 4.747631000000000157e+00 2.223269300000000115e+01
1.985000000000000000e+03 4.828659000000000034e+00 2.300047199999999847e+01
1.986000000000000000e+03 4.911283000000000065e+00 2.381807699999999883e+01
1.987000000000000000e+03 4.996355999999999575e+00 2.471930499999999853e+01
1.988000000000000000e+03 5.082403000000000226e+00 2.577206199999999825e+01
1.989000000000000000e+03 5.169075999999999560e+00 2.658291099999999929e+01
1.990000000000000000e+03 5.256680000000000241e+00 2.713604099999999875e+01
1.991000000000000000e+03 5.342063999999999702e+00 2.749577000000000027e+01
1.992000000000000000e+03 5.426308999999999827e+00 2.807885800000000032e+01
1.993000000000000000e+03 5.511027999999999594e+00 2.869331000000000031e+01
1.994000000000000000e+03 5.592767000000000266e+00 2.969772499999999837e+01
1.995000000000000000e+03 5.676706000000000252e+00 3.094297200000000103e+01
1.996000000000000000e+03 5.754710000000000214e+00 3.199347900000000067e+01
1.997000000000000000e+03 5.832754999999999690e+00 3.324375100000000316e+01
1.998000000000000000e+03 5.909524000000000221e+00 3.385736099999999738e+01
1.999000000000000000e+03 5.986292999999999864e+00 3.504610199999999764e+01
2.000000000000000000e+03 6.061593000000000231e+00 3.670386299999999835e+01
2.001000000000000000e+03 6.136002999999999652e+00 3.775594099999999997e+01
2.002000000000000000e+03 6.204534999999999911e+00 3.903139699999999834e+01
2.003000000000000000e+03 6.278622000000000369e+00 4.091338600000000270e+01
2.004000000000000000e+03 6.397322921999999856e+00 4.338555019870000251e+01
2.005000000000000000e+03 6.474229143999999714e+00 4.532781581609999932e+01
2.006000000000000000e+03 6.552104498000000277e+00 4.767154416040000342e+01
2.007000000000000000e+03 6.630764006999999793e+00 4.975413357989999952e+01
2.008000000000000000e+03 6.709620604999999571e+00 5.116663070220000264e+01
2.009000000000000000e+03 6.788203578000000071e+00 5.076291279499999831e+01
2.010000000000000000e+03 6.866054281000000259e+00 5.365054098510000102e+01
