Year RCP3PD RCP45 RCP45SCP45TO3PD RCP6 RCP6SCP6TO45 RCP85
1765 0.003 0.003 0.003 0.003 0.003 0.003
1766 0.003 0.003 0.003 0.003 0.003 0.003
1767 0.003 0.003 0.003 0.003 0.003 0.003
1768 0.003 0.003 0.003 0.003 0.003 0.003
1769 0.003 0.003 0.003 0.003 0.003 0.003
1770 0.003 0.003 0.003 0.003 0.003 0.003
1771 0.0039999999 0.0039999999 0.0039999999 0.0039999999 0.0039999999 0.0039999999
1772 0.0039999999 0.0039999999 0.0039999999 0.0039999999 0.0039999999 0.0039999999
1773 0.0039999999 0.0039999999 0.0039999999 0.0039999999 0.0039999999 0.0039999999
1774 0.0039999999 0.0039999999 0.0039999999 0.0039999999 0.0039999999 0.0039999999
1775 0.0039999999 0.0039999999 0.0039999999 0.0039999999 0.0039999999 0.0039999999
1776 0.0039999999 0.0039999999 0.0039999999 0.0039999999 0.0039999999 0.0039999999
1777 0.0039999999 0.0039999999 0.0039999999 0.0039999999 0.0039999999 0.0039999999
1778 0.0039999999 0.0039999999 0.0039999999 0.0039999999 0.0039999999 0.0039999999
1779 0.0039999999 0.0039999999 0.0039999999 0.0039999999 0.0039999999 0.0039999999
1780 0.0039999999 0.0039999999 0.0039999999 0.0039999999 0.0039999999 0.0039999999
1781 0.0049999999 0.0049999999 0.0049999999 0.0049999999 0.0049999999 0.0049999999
1782 0.0049999999 0.0049999999 0.0049999999 0.0049999999 0.0049999999 0.0049999999
1783 0.0049999999 0.0049999999 0.0049999999 0.0049999999 0.0049999999 0.0049999999
1784 0.0049999999 0.0049999999 0.0049999999 0.0049999999 0.0049999999 0.0049999999
1785 0.0049999999 0.0049999999 0.0049999999 0.0049999999 0.0049999999 0.0049999999
1786 0.0049999999 0.0049999999 0.0049999999 0.0049999999 0.0049999999 0.0049999999
1787 0.0049999999 0.0049999999 0.0049999999 0.0049999999 0.0049999999 0.0049999999
1788 0.0049999999 0.0049999999 0.0049999999 0.0049999999 0.0049999999 0.0049999999
1789 0.0049999999 0.0049999999 0.0049999999 0.0049999999 0.0049999999 0.0049999999
1790 0.0049999999 0.0049999999 0.0049999999 0.0049999999 0.0049999999 0.0049999999
1791 0.0059999999 0.0059999999 0.0059999999 0.0059999999 0.0059999999 0.0059999999
1792 0.0059999999 0.0059999999 0.0059999999 0.0059999999 0.0059999999 0.0059999999
1793 0.0059999999 0.0059999999 0.0059999999 0.0059999999 0.0059999999 0.0059999999
1794 0.0059999999 0.0059999999 0.0059999999 0.0059999999 0.0059999999 0.0059999999
1795 0.0059999999 0.0059999999 0.0059999999 0.0059999999 0.0059999999 0.0059999999
1796 0.0059999999 0.0059999999 0.0059999999 0.0059999999 0.0059999999 0.0059999999
1797 0.0069999999 0.0069999999 0.0069999999 0.0069999999 0.0069999999 0.0069999999
1798 0.0069999999 0.0069999999 0.0069999999 0.0069999999 0.0069999999 0.0069999999
1799 0.0069999999 0.0069999999 0.0069999999 0.0069999999 0.0069999999 0.0069999999
1800 0.0079999999 0.0079999999 0.0079999999 0.0079999999 0.0079999999 0.0079999999
1801 0.0079999999 0.0079999999 0.0079999999 0.0079999999 0.0079999999 0.0079999999
1802 0.0099999999 0.0099999999 0.0099999999 0.0099999999 0.0099999999 0.0099999999
1803 0.0089999999 0.0089999999 0.0089999999 0.0089999999 0.0089999999 0.0089999999
1804 0.0089999999 0.0089999999 0.0089999999 0.0089999999 0.0089999999 0.0089999999
1805 0.0089999999 0.0089999999 0.0089999999 0.0089999999 0.0089999999 0.0089999999
1806 0.0099999998 0.0099999998 0.0099999998 0.0099999998 0.0099999998 0.0099999998
1807 0.0099999999 0.0099999999 0.0099999999 0.0099999999 0.0099999999 0.0099999999
1808 0.0099999999 0.0099999999 0.0099999999 0.0099999999 0.0099999999 0.0099999999
1809 0.0099999999 0.0099999999 0.0099999999 0.0099999999 0.0099999999 0.0099999999
1810 0.0099999999 0.0099999999 0.0099999999 0.0099999999 0.0099999999 0.0099999999
1811 0.011 0.011 0.011 0.011 0.011 0.011
1812 0.011 0.011 0.011 0.011 0.011 0.011
1813 0.011 0.011 0.011 0.011 0.011 0.011
1814 0.011 0.011 0.011 0.011 0.011 0.011
1815 0.012 0.012 0.012 0.012 0.012 0.012
1816 0.013 0.013 0.013 0.013 0.013 0.013
1817 0.014 0.014 0.014 0.014 0.014 0.014
1818 0.014 0.014 0.014 0.014 0.014 0.014
1819 0.014 0.014 0.014 0.014 0.014 0.014
1820 0.014 0.014 0.014 0.014 0.014 0.014
1821 0.014 0.014 0.014 0.014 0.014 0.014
1822 0.015 0.015 0.015 0.015 0.015 0.015
1823 0.016 0.016 0.016 0.016 0.016 0.016
1824 0.016 0.016 0.016 0.016 0.016 0.016
1825 0.017 0.017 0.017 0.017 0.017 0.017
1826 0.017 0.017 0.017 0.017 0.017 0.017
1827 0.018 0.018 0.018 0.018 0.018 0.018
1828 0.018 0.018 0.018 0.018 0.018 0.018
1829 0.018 0.018 0.018 0.018 0.018 0.018
1830 0.024 0.024 0.024 0.024 0.024 0.024
1831 0.023 0.023 0.023 0.023 0.023 0.023
1832 0.023 0.023 0.023 0.023 0.023 0.023
1833 0.024 0.024 0.024 0.024 0.024 0.024
1834 0.024 0.024 0.024 0.024 0.024 0.024
1835 0.025 0.025 0.025 0.025 0.025 0.025
1836 0.029 0.029 0.029 0.029 0.029 0.029
1837 0.029 0.029 0.029 0.029 0.029 0.029
1838 0.03 0.03 0.03 0.03 0.03 0.03
1839 0.031 0.031 0.031 0.031 0.031 0.031
1840 0.032999999 0.032999999 0.032999999 0.032999999 0.032999999 0.032999999
1841 0.033999999 0.033999999 0.033999999 0.033999999 0.033999999 0.033999999
1842 0.035999999 0.035999999 0.035999999 0.035999999 0.035999999 0.035999999
1843 0.036999999 0.036999999 0.036999999 0.036999999 0.036999999 0.036999999
1844 0.038999999 0.038999999 0.038999999 0.038999999 0.038999999 0.038999999
1845 0.042999999 0.042999999 0.042999999 0.042999999 0.042999999 0.042999999
1846 0.042999999 0.042999999 0.042999999 0.042999999 0.042999999 0.042999999
1847 0.045999999 0.045999999 0.045999999 0.045999999 0.045999999 0.045999999
1848 0.046999999 0.046999999 0.046999999 0.046999999 0.046999999 0.046999999
1849 0.049999999 0.049999999 0.049999999 0.049999999 0.049999999 0.049999999
1850 0.053999999 0.053999999 0.053999999 0.053999999 0.053999999 0.053999999
1851 0.053999999 0.053999999 0.053999999 0.053999999 0.053999999 0.053999999
1852 0.056999999 0.056999999 0.056999999 0.056999999 0.056999999 0.056999999
1853 0.058999999 0.058999999 0.058999999 0.058999999 0.058999999 0.058999999
1854 0.068999999 0.068999999 0.068999999 0.068999999 0.068999999 0.068999999
1855 0.070999999 0.070999999 0.070999999 0.070999999 0.070999999 0.070999999
1856 0.075999999 0.075999999 0.075999999 0.075999999 0.075999999 0.075999999
1857 0.076999999 0.076999999 0.076999999 0.076999999 0.076999999 0.076999999
1858 0.077999999 0.077999999 0.077999999 0.077999999 0.077999999 0.077999999
1859 0.082999999 0.082999999 0.082999999 0.082999999 0.082999999 0.082999999
1860 0.090999999 0.090999999 0.090999999 0.090999999 0.090999999 0.090999999
1861 0.094999998 0.094999998 0.094999998 0.094999998 0.094999998 0.094999998
1862 0.096999998 0.096999998 0.096999998 0.096999998 0.096999998 0.096999998
1863 0.104 0.104 0.104 0.104 0.104 0.104
1864 0.112 0.112 0.112 0.112 0.112 0.112
1865 0.119 0.119 0.119 0.119 0.119 0.119
1866 0.122 0.122 0.122 0.122 0.122 0.122
1867 0.13022269 0.13022269 0.13022269 0.13022269 0.13022269 0.13022269
1868 0.13525196 0.13525196 0.13525196 0.13525196 0.13525196 0.13525196
1869 0.14228123 0.14228123 0.14228123 0.14228123 0.14228123 0.14228123
1870 0.14731051 0.14731051 0.14731051 0.14731051 0.14731051 0.14731051
1871 0.15633978 0.15633978 0.15633978 0.15633978 0.15633978 0.15633978
1872 0.17336905 0.17336905 0.17336905 0.17336905 0.17336905 0.17336905
1873 0.18439832 0.18439832 0.18439832 0.18439832 0.18439832 0.18439832
1874 0.1744276 0.1744276 0.1744276 0.1744276 0.1744276 0.1744276
1875 0.18845687 0.18845687 0.18845687 0.18845687 0.18845687 0.18845687
1876 0.19148614 0.19148614 0.19148614 0.19148614 0.19148614 0.19148614
1877 0.19451541 0.19451541 0.19451541 0.19451541 0.19451541 0.19451541
1878 0.196 0.196 0.196 0.196 0.196 0.196
1879 0.21 0.21 0.21 0.21 0.21 0.21
1880 0.236 0.236 0.236 0.236 0.236 0.236
1881 0.243 0.243 0.243 0.243 0.243 0.243
1882 0.256 0.256 0.256 0.256 0.256 0.256
1883 0.272 0.272 0.272 0.272 0.272 0.272
1884 0.275 0.275 0.275 0.275 0.275 0.275
1885 0.27699999 0.27699999 0.27699999 0.27699999 0.27699999 0.27699999
1886 0.28099999 0.28099999 0.28099999 0.28099999 0.28099999 0.28099999
1887 0.295 0.295 0.295 0.295 0.295 0.295
1888 0.32699999 0.32699999 0.32699999 0.32699999 0.32699999 0.32699999
1889 0.32699999 0.32699999 0.32699999 0.32699999 0.32699999 0.32699999
1890 0.35599999 0.35599999 0.35599999 0.35599999 0.35599999 0.35599999
1891 0.37199999 0.37199999 0.37199999 0.37199999 0.37199999 0.37199999
1892 0.37399999 0.37399999 0.37399999 0.37399999 0.37399999 0.37399999
1893 0.36999999 0.36999999 0.36999999 0.36999999 0.36999999 0.36999999
1894 0.38299999 0.38299999 0.38299999 0.38299999 0.38299999 0.38299999
1895 0.40599999 0.40599999 0.40599999 0.40599999 0.40599999 0.40599999
1896 0.41899999 0.41899999 0.41899999 0.41899999 0.41899999 0.41899999
1897 0.43999999 0.43999999 0.43999999 0.43999999 0.43999999 0.43999999
1898 0.46499999 0.46499999 0.46499999 0.46499999 0.46499999 0.46499999
1899 0.50699999 0.50699999 0.50699999 0.50699999 0.50699999 0.50699999
1900 0.53399999 0.53399999 0.53399999 0.53399999 0.53399999 0.53399999
1901 0.55199999 0.55199999 0.55199999 0.55199999 0.55199999 0.55199999
1902 0.56599999 0.56599999 0.56599999 0.56599999 0.56599999 0.56599999
1903 0.61699999 0.61699999 0.61699999 0.61699999 0.61699999 0.61699999
1904 0.62399999 0.62399999 0.62399999 0.62399999 0.62399999 0.62399999
1905 0.66299999 0.66299999 0.66299999 0.66299999 0.66299999 0.66299999
1906 0.70699999 0.70699999 0.70699999 0.70699999 0.70699999 0.70699999
1907 0.78399999 0.78399999 0.78399999 0.78399999 0.78399999 0.78399999
1908 0.74999999 0.74999999 0.74999999 0.74999999 0.74999999 0.74999999
1909 0.78499999 0.78499999 0.78499999 0.78499999 0.78499999 0.78499999
1910 0.81899999 0.81899999 0.81899999 0.81899999 0.81899999 0.81899999
1911 0.83599999 0.83599999 0.83599999 0.83599999 0.83599999 0.83599999
1912 0.87899999 0.87899999 0.87899999 0.87899999 0.87899999 0.87899999
1913 0.94299999 0.94299999 0.94299999 0.94299999 0.94299999 0.94299999
1914 0.84999999 0.84999999 0.84999999 0.84999999 0.84999999 0.84999999
1915 0.83799999 0.83799999 0.83799999 0.83799999 0.83799999 0.83799999
1916 0.90099999 0.90099999 0.90099999 0.90099999 0.90099999 0.90099999
1917 0.95499999 0.95499999 0.95499999 0.95499999 0.95499999 0.95499999
1918 0.93599999 0.93599999 0.93599999 0.93599999 0.93599999 0.93599999
1919 0.80599999 0.80599999 0.80599999 0.80599999 0.80599999 0.80599999
1920 0.93199999 0.93199999 0.93199999 0.93199999 0.93199999 0.93199999
1921 0.80299999 0.80299999 0.80299999 0.80299999 0.80299999 0.80299999
1922 0.84499999 0.84499999 0.84499999 0.84499999 0.84499999 0.84499999
1923 0.96999999 0.96999999 0.96999999 0.96999999 0.96999999 0.96999999
1924 0.96299999 0.96299999 0.96299999 0.96299999 0.96299999 0.96299999
1925 0.97499999 0.97499999 0.97499999 0.97499999 0.97499999 0.97499999
1926 0.98299999 0.98299999 0.98299999 0.98299999 0.98299999 0.98299999
1927 1.062 1.062 1.062 1.062 1.062 1.062
1928 1.065 1.065 1.065 1.065 1.065 1.065
1929 1.145 1.145 1.145 1.145 1.145 1.145
1930 1.053 1.053 1.053 1.053 1.053 1.053
1931 0.93999999 0.93999999 0.93999999 0.93999999 0.93999999 0.93999999
1932 0.84699999 0.84699999 0.84699999 0.84699999 0.84699999 0.84699999
1933 0.89299999 0.89299999 0.89299999 0.89299999 0.89299999 0.89299999
1934 0.97299999 0.97299999 0.97299999 0.97299999 0.97299999 0.97299999
1935 1.027 1.027 1.027 1.027 1.027 1.027
1936 1.13 1.13 1.13 1.13 1.13 1.13
1937 1.209 1.209 1.209 1.209 1.209 1.209
1938 1.142 1.142 1.142 1.142 1.142 1.142
1939 1.192 1.192 1.192 1.192 1.192 1.192
1940 1.299 1.299 1.299 1.299 1.299 1.299
1941 1.334 1.334 1.334 1.334 1.334 1.334
1942 1.342 1.342 1.342 1.342 1.342 1.342
1943 1.391 1.391 1.391 1.391 1.391 1.391
1944 1.383 1.383 1.383 1.383 1.383 1.383
1945 1.16 1.16 1.16 1.16 1.16 1.16
1946 1.238 1.238 1.238 1.238 1.238 1.238
1947 1.392 1.392 1.392 1.392 1.392 1.392
1948 1.469 1.469 1.469 1.469 1.469 1.469
1949 1.419 1.419 1.419 1.419 1.419 1.419
1950 1.63 1.63 1.63 1.63 1.63 1.63
1951 1.768 1.768 1.768 1.768 1.768 1.768
1952 1.796 1.796 1.796 1.796 1.796 1.796
1953 1.841 1.841 1.841 1.841 1.841 1.841
1954 1.865 1.865 1.865 1.865 1.865 1.865
1955 2.043 2.043 2.043 2.043 2.043 2.043
1956 2.178 2.178 2.178 2.178 2.178 2.178
1957 2.27 2.27 2.27 2.27 2.27 2.27
1958 2.33 2.33 2.33 2.33 2.33 2.33
1959 2.462 2.462 2.462 2.462 2.462 2.462
1960 2.577 2.577 2.577 2.577 2.577 2.577
1961 2.594 2.594 2.594 2.594 2.594 2.594
1962 2.7 2.7 2.7 2.7 2.7 2.7
1963 2.848 2.848 2.848 2.848 2.848 2.848
1964 3.008 3.008 3.008 3.008 3.008 3.008
1965 3.145 3.145 3.145 3.145 3.145 3.145
1966 3.305 3.305 3.305 3.305 3.305 3.305
1967 3.411 3.411 3.411 3.411 3.411 3.411
1968 3.588 3.588 3.588 3.588 3.588 3.588
1969 3.8 3.8 3.8 3.8 3.8 3.8
1970 4.076 4.076 4.076 4.076 4.076 4.076
1971 4.231 4.231 4.231 4.231 4.231 4.231
1972 4.399 4.399 4.399 4.399 4.399 4.399
1973 4.6349999 4.6349999 4.6349999 4.6349999 4.6349999 4.6349999
1974 4.644 4.644 4.644 4.644 4.644 4.644
1975 4.615 4.615 4.615 4.615 4.615 4.615
1976 4.883 4.883 4.883 4.883 4.883 4.883
1977 5.029 5.029 5.029 5.029 5.029 5.029
1978 5.105 5.105 5.105 5.105 5.105 5.105
1979 5.387 5.387 5.387 5.387 5.387 5.387
1980 5.332 5.332 5.332 5.332 5.332 5.332
1981 5.168 5.168 5.168 5.168 5.168 5.168
1982 5.127 5.127 5.127 5.127 5.127 5.127
1983 5.11 5.11 5.11 5.11 5.11 5.11
1984 5.29 5.29 5.29 5.29 5.29 5.29
1985 5.444 5.444 5.444 5.444 5.444 5.444
1986 5.61 5.61 5.61 5.61 5.61 5.61
1987 5.753 5.753 5.753 5.753 5.753 5.753
1988 5.964 5.964 5.964 5.964 5.964 5.964
1989 6.089 6.089 6.089 6.089 6.089 6.089
1990 6.144 6.144 6.144 6.144 6.144 6.144
1991 6.235 6.235 6.235 6.235 6.235 6.235
1992 6.118 6.118 6.118 6.118 6.118 6.118
1993 6.124 6.124 6.124 6.124 6.124 6.124
1994 6.242 6.242 6.242 6.242 6.242 6.242
1995 6.372 6.372 6.372 6.372 6.372 6.372
1996 6.51 6.51 6.51 6.51 6.51 6.51
1997 6.619 6.619 6.619 6.619 6.619 6.619
1998 6.588 6.588 6.588 6.588 6.588 6.588
1999 6.569 6.569 6.569 6.569 6.569 6.569
2000 6.735 6.735 6.735 6.735 6.735 6.735
2001 6.8959 6.8959 6.8959 6.8959 6.8959 6.8959
2002 6.949 6.949 6.949 6.949 6.949 6.949
2003 7.286 7.286 7.286 7.286 7.286 7.286
2004 7.6719 7.6719 7.6719 7.6719 7.6719 7.6719
2005 7.971 7.971 7.971 7.971 7.971 7.971
2006 8.1427 8.0985 8.0985 8.081 8.081 8.1615
2007 8.3136 8.226 8.226 8.1899 8.1899 8.3523
2008 8.4828667 8.3531333 8.3531333 8.2971667 8.2971667 8.5434
2009 8.6521333 8.4802667 8.4802667 8.4044333 8.4044333 8.7345
2010 8.8214 8.6074 8.6074 8.5117 8.5117 8.9256
2011 8.86803 8.73381 8.73381 8.55557 8.55557 9.18679
2012 8.91466 8.86022 8.86022 8.59944 8.59944 9.44798
2013 8.96129 8.98663 8.98663 8.64331 8.64331 9.70917
2014 9.00792 9.11304 9.11304 8.68718 8.68718 9.97036
2015 9.05455 9.23945 9.23945 8.73105 8.73105 10.23155
2016 9.10118 9.36586 9.36586 8.77492 8.77492 10.49274
2017 9.14781 9.49227 9.49227 8.81879 8.81879 10.75393
2018 9.19444 9.61868 9.61868 8.86266 8.86266 11.01512
2019 9.24107 9.74509 9.74509 8.90653 8.90653 11.27631
2020 9.2877 9.8715 9.8715 8.9504 8.9504 11.5375
2021 9.07462 9.97968 9.97968 9.05487 9.05487 11.76766
2022 8.86154 10.08786 10.08786 9.15934 9.15934 11.99782
2023 8.64846 10.19604 10.19604 9.26381 9.26381 12.22798
2024 8.43538 10.30422 10.30422 9.36828 9.36828 12.45814
2025 8.2223 10.4124 10.4124 9.47275 9.47275 12.6883
2026 8.00922 10.52058 10.52058 9.57722 9.57722 12.91846
2027 7.79614 10.62876 10.62876 9.68169 9.68169 13.14862
2028 7.58306 10.73694 10.73694 9.78616 9.78616 13.37878
2029 7.36998 10.84512 10.84512 9.89063 9.89063 13.60894
2030 7.1569 10.9533 10.9533 9.9951 9.9951 13.8391
2031 6.8947 10.99177 10.99177 10.15102 10.15102 14.13385
2032 6.6325 11.03024 11.03024 10.30694 10.30694 14.4286
2033 6.3703 11.06871 11.06871 10.46286 10.46286 14.72335
2034 6.1081 11.10718 11.10718 10.61878 10.61878 15.0181
2035 5.8459 11.14565 11.14565 10.7747 10.7747 15.31285
2036 5.5837 11.18412 11.18412 10.93062 10.93062 15.6076
2037 5.3215 11.22259 11.22259 11.08654 11.08654 15.90235
2038 5.0593 11.26106 11.26106 11.24246 11.24246 16.1971
2039 4.7971 11.29953 11.29953 11.39838 11.39838 16.49185
2040 4.5349 11.338 11.338 11.5543 11.5543 16.7866
2041 4.39997 11.30733 11.30733 11.70325 11.70325 17.1284
2042 4.26504 11.27666 11.27666 11.8522 11.8522 17.4702
2043 4.13011 11.24599 11.24599 12.00115 12.00115 17.812
2044 3.99518 11.21532 11.21532 12.1501 12.1501 18.1538
2045 3.86025 11.18465 11.18465 12.29905 12.29905 18.4956
2046 3.72532 11.15398 11.15398 12.448 12.448 18.8374
2047 3.59039 11.12331 11.12331 12.59695 12.59695 19.1792
2048 3.45546 11.09264 11.09264 12.7459 12.7459 19.521
2049 3.32053 11.06197 11.06197 12.89485 12.89485 19.8628
2050 3.1856 11.0313 11.0313 13.0438 13.0438 20.2046
2051 3.00896 10.86829 10.86829 13.22186 13.22186 20.54375
2052 2.83232 10.70528 10.70528 13.39992 13.39992 20.8829
2053 2.65568 10.54227 10.54227 13.57798 13.57798 21.22205
2054 2.47904 10.37926 10.37926 13.75604 13.75604 21.5612
2055 2.3024 10.21625 10.21625 13.9341 13.9341 21.90035
2056 2.12576 10.05324 10.05324 14.11216 14.11216 22.2395
2057 1.94912 9.89023 9.89023 14.29022 14.29022 22.57865
2058 1.77248 9.72722 9.72722 14.46828 14.46828 22.9178
2059 1.59584 9.56421 9.56421 14.64634 14.64634 23.25695
2060 1.4192 9.4012 9.4012 14.8244 14.8244 23.5961
2061 1.28885 9.1729 9.1729 14.99256 14.99256 23.83271
2062 1.1585 8.9446 8.9446 15.16072 15.16072 24.06932
2063 1.02815 8.7163 8.7163 15.32888 15.32888 24.30593
2064 0.8978 8.488 8.488 15.49704 15.49704 24.54254
2065 0.76745 8.2597 8.2597 15.6652 15.6652 24.77915
2066 0.6371 8.0314 8.0314 15.83336 15.83336 25.01576
2067 0.50675 7.8031 7.8031 16.00152 16.00152 25.25237
2068 0.3764 7.5748 7.5748 16.16968 16.16968 25.48898
2069 0.24605 7.3465 7.3465 16.33784 16.33784 25.72559
2070 0.1157 7.1182 7.1182 16.506 16.506 25.9622
2071 0.06083 6.82459 6.82459 16.58346 16.58346 26.10659
2072 0.00596 6.53098 6.53098 16.66092 16.66092 26.25098
2073 -0.04891 6.23737 6.23737 16.73838 16.73838 26.39537
2074 -0.10378 5.94376 5.94376 16.81584 16.81584 26.53976
2075 -0.15865 5.65015 5.65015 16.8933 16.8933 26.68415
2076 -0.21352 5.35654 5.35654 16.97076 16.97076 26.82854
2077 -0.26839 5.06293 5.06293 17.04822 17.04822 26.97293
2078 -0.32326 4.76932 4.76932 17.12568 17.12568 27.11732
2079 -0.37813 4.47571 4.47571 17.20314 17.20314 27.26171
2080 -0.433 4.1821 4.1821 17.2806 17.2806 27.4061
2081 -0.47674 4.18314 4.18314 16.98385 16.98385 27.49916
2082 -0.52048 4.18418 4.18418 16.6871 16.6871 27.59222
2083 -0.56422 4.18522 4.18522 16.39035 16.39035 27.68528
2084 -0.60796 4.18626 4.18626 16.0936 16.0936 27.77834
2085 -0.6517 4.1873 4.1873 15.79685 15.79685 27.8714
2086 -0.69544 4.18834 4.18834 15.5001 15.5001 27.96446
2087 -0.73918 4.18938 4.18938 15.20335 15.20335 28.05752
2088 -0.78292 4.19042 4.19042 14.9066 14.9066 28.15058
2089 -0.82666 4.19146 4.19146 14.60985 14.60985 28.24364
2090 -0.8704 4.1925 4.1925 14.3131 14.3131 28.3367
2091 -0.87644 4.19355 4.19355 14.25712 14.25712 28.37703
2092 -0.88248 4.1946 4.1946 14.20114 14.20114 28.41736
2093 -0.88852 4.19565 4.19565 14.14516 14.14516 28.45769
2094 -0.89456 4.1967 4.1967 14.08918 14.08918 28.49802
2095 -0.9006 4.19775 4.19775 14.0332 14.0332 28.53835
2096 -0.90664 4.1988 4.1988 13.97722 13.97722 28.57868
2097 -0.91268 4.19985 4.19985 13.92124 13.92124 28.61901
2098 -0.91872 4.2009 4.2009 13.86526 13.86526 28.65934
2099 -0.92476 4.20195 4.20195 13.80928 13.80928 28.69967
2100 -0.9308 4.203 4.203 13.7533 13.7533 28.74
2101 -0.9308 4.09086 4.016796 13.548236 13.402572 28.74
2102 -0.9308 3.97872 3.830592 13.343172 13.051844 28.74
2103 -0.9308 3.86658 3.644388 13.138108 12.701116 28.74
2104 -0.9308 3.75444 3.458184 12.933044 12.350388 28.74
2105 -0.9308 3.6423 3.27198 12.72798 11.99966 28.74
2106 -0.9308 3.53016 3.085776 12.522916 11.648932 28.74
2107 -0.9308 3.41802 2.899572 12.317852 11.298204 28.74
2108 -0.9308 3.30588 2.713368 12.112788 10.947476 28.74
2109 -0.9308 3.19374 2.527164 11.907724 10.596748 28.74
2110 -0.9308 3.0816 2.34096 11.70266 10.24602 28.74
2111 -0.9308 3.00189 2.154756 11.497596 9.895292 28.74
2112 -0.9308 2.92218 1.968552 11.292532 9.544564 28.74
2113 -0.9308 2.84247 1.782348 11.087468 9.193836 28.74
2114 -0.9308 2.76276 1.596144 10.882404 8.843108 28.74
2115 -0.9308 2.68305 1.40994 10.67734 8.49238 28.74
2116 -0.9308 2.60334 1.223736 10.472276 8.141652 28.74
2117 -0.9308 2.52363 1.037532 10.267212 7.790924 28.74
2118 -0.9308 2.44392 0.851328 10.062148 7.440196 28.74
2119 -0.9308 2.36421 0.665124 9.857084 7.089468 28.74
2120 -0.9308 2.2845 0.47892 9.65202 6.73874 28.74
2121 -0.9308 2.25245 0.292716 9.446956 6.388012 28.74
2122 -0.9308 2.2204 0.106512 9.241892 6.037284 28.74
2123 -0.9308 2.18835 -0.079692 9.036828 5.686556 28.74
2124 -0.9308 2.1563 -0.265896 8.831764 5.335828 28.74
2125 -0.9308 2.12425 -0.4521 8.6267 4.9851 28.74
2126 -0.9308 2.0922 -0.638296 8.4216348 4.6343696 28.74
2127 -0.9308 2.06015 -0.824492 8.2165696 4.2836391 28.74
2128 -0.9308 2.0281 -1.010688 8.0115043 3.9329087 28.74
2129 -0.9308 1.99605 -1.196884 7.8064391 3.5821783 28.74
2130 -0.9308 1.964 -1.38308 7.6013739 3.2314478 28.74
2131 -0.9308 1.93853 -1.569276 7.3963087 2.8807174 28.74
2132 -0.9308 1.91306 -1.755472 7.1912435 2.529987 28.74
2133 -0.9308 1.88759 -1.941668 6.9861783 2.1792565 28.74
2134 -0.9308 1.86212 -2.127864 6.781113 1.8285261 28.74
2135 -0.9308 1.83665 -2.31406 6.5760478 1.4777957 28.74
2136 -0.9308 1.81118 -2.500256 6.3709826 1.1270652 28.74
2137 -0.9308 1.78571 -2.686452 6.1659174 0.77633478 28.74
2138 -0.9308 1.76024 -2.872648 5.9608522 0.42560435 28.74
2139 -0.9308 1.73477 -3.058844 5.755787 0.074873913 28.74
2140 -0.9308 1.7093 -3.24504 5.5507217 -0.27585652 28.74
2141 -0.9308 1.6831375 -3.431236 5.3456565 -0.62658696 28.74
2142 -0.9308 1.656975 -3.617432 5.1405913 -0.97731739 28.74
2143 -0.9308 1.6308125 -3.803628 4.9355261 -1.3280478 28.74
2144 -0.9308 1.60465 -3.989824 4.7304609 -1.6787783 28.74
2145 -0.9308 1.5784875 -4.17602 4.5253957 -2.0295087 28.74
2146 -0.9308 1.552325 -4.362216 4.3203304 -2.3802391 28.74
2147 -0.9308 1.5261625 -4.548412 4.1152652 -2.7309696 28.74
2148 -0.9308 1.5 -4.734608 3.9102 -3.0817 28.74
2149 -0.9308 1.5354 -4.920804 3.5678 -3.4324 28.74
2150 -0.9308 1.5468 -5.107 3.5062 -3.7832 28.74
2151 -0.9308 1.5531 -5.107 3.4375 -3.7832 28.470205
2152 -0.9308 1.5547 -5.107 3.3717 -3.7832 28.20041
2153 -0.9308 1.5527 -5.107 3.3114 -3.7832 27.930615
2154 -0.9308 1.5482 -5.107 3.2545 -3.7832 27.66082
2155 -0.9308 1.5419 -5.107 3.2005 -3.7832 27.391026
2156 -0.9308 1.5324 -5.107 3.15264 -3.7832 27.121231
2157 -0.9308 1.5229 -5.107 3.10478 -3.7832 26.851436
2158 -0.9308 1.5134 -5.107 3.05692 -3.7832 26.581641
2159 -0.9308 1.5039 -5.107 3.00906 -3.7832 26.311846
2160 -0.9308 1.4944 -5.107 2.9612 -3.7832 26.042051
2161 -0.9308 1.48311 -5.107 2.92104 -3.7832 25.772256
2162 -0.9308 1.47182 -5.107 2.88088 -3.7832 25.502461
2163 -0.9308 1.46053 -5.107 2.84072 -3.7832 25.232666
2164 -0.9308 1.44924 -5.107 2.80056 -3.7832 24.962871
2165 -0.9308 1.43795 -5.107 2.7604 -3.7832 24.693077
2166 -0.9308 1.42666 -5.107 2.7258 -3.7832 24.423282
2167 -0.9308 1.41537 -5.107 2.6912 -3.7832 24.153487
2168 -0.9308 1.40408 -5.107 2.6566 -3.7832 23.883692
2169 -0.9308 1.39279 -5.107 2.622 -3.7832 23.613897
2170 -0.9308 1.3815 -5.107 2.5874 -3.7832 23.344102
2171 -0.9308 1.3712 -5.107 2.55704 -3.7832 23.074307
2172 -0.9308 1.3609 -5.107 2.52668 -3.7832 22.804512
2173 -0.9308 1.3506 -5.107 2.49632 -3.7832 22.534717
2174 -0.9308 1.3403 -5.107 2.46596 -3.7832 22.264922
2175 -0.9308 1.33 -5.107 2.4356 -3.7832 21.995128
2176 -0.9308 1.3197 -5.107 2.40884 -3.7832 21.725333
2177 -0.9308 1.3094 -5.107 2.38208 -3.7832 21.455538
2178 -0.9308 1.2991 -5.107 2.35532 -3.7832 21.185743
2179 -0.9308 1.2888 -5.107 2.32856 -3.7832 20.915948
2180 -0.9308 1.2785 -5.107 2.3018 -3.7832 20.646153
2181 -0.9308 1.26966 -5.107 2.27802 -3.7832 20.376358
2182 -0.9308 1.26082 -5.107 2.25424 -3.7832 20.106563
2183 -0.9308 1.25198 -5.107 2.23046 -3.7832 19.836768
2184 -0.9308 1.24314 -5.107 2.20668 -3.7832 19.566973
2185 -0.9308 1.2343 -5.107 2.1829 -3.7832 19.297179
2186 -0.9308 1.22546 -5.107 2.1617 -3.7832 19.027384
2187 -0.9308 1.21662 -5.107 2.1405 -3.7832 18.757589
2188 -0.9308 1.20778 -5.107 2.1193 -3.7832 18.487794
2189 -0.9308 1.19894 -5.107 2.0981 -3.7832 18.217999
2190 -0.9308 1.1901 -5.107 2.0769 -3.7832 17.948204
2191 -0.9308 1.18257 -5.107 2.05792 -3.7832 17.678409
2192 -0.9308 1.17504 -5.107 2.03894 -3.7832 17.408614
2193 -0.9308 1.16751 -5.107 2.01996 -3.7832 17.138819
2194 -0.9308 1.15998 -5.107 2.00098 -3.7832 16.869024
2195 -0.9308 1.15245 -5.107 1.982 -3.7832 16.59923
2196 -0.9308 1.14492 -5.107 1.96498 -3.7832 16.329435
2197 -0.9308 1.13739 -5.107 1.94796 -3.7832 16.05964
2198 -0.9308 1.12986 -5.107 1.93094 -3.7832 15.789845
2199 -0.9308 1.12233 -5.107 1.91392 -3.7832 15.52005
2200 -0.9308 1.1148 -5.107 1.8969 -3.7832 15.250255
2201 -0.9308 1.10836 -5.107 1.88235 -3.7832 14.98046
2202 -0.9308 1.10192 -5.107 1.8678 -3.7832 14.710665
2203 -0.9308 1.09548 -5.107 1.85325 -3.7832 14.44087
2204 -0.9308 1.08904 -5.107 1.8387 -3.7832 14.171076
2205 -0.9308 1.0826 -5.107 1.82415 -3.7832 13.901281
2206 -0.9308 1.07616 -5.107 1.8096 -3.7832 13.631486
2207 -0.9308 1.06972 -5.107 1.79505 -3.7832 13.361691
2208 -0.9308 1.06328 -5.107 1.7805 -3.7832 13.091896
2209 -0.9308 1.05684 -5.107 1.76595 -3.7832 12.822101
2210 -0.9308 1.0504 -5.107 1.7514 -3.7832 12.552306
2211 -0.9308 1.04486 -5.107 1.73953 -3.7832 12.282511
2212 -0.9308 1.03932 -5.107 1.72766 -3.7832 12.012716
2213 -0.9308 1.03378 -5.107 1.71579 -3.7832 11.742921
2214 -0.9308 1.02824 -5.107 1.70392 -3.7832 11.473127
2215 -0.9308 1.0227 -5.107 1.69205 -3.7832 11.203332
2216 -0.9308 1.01716 -5.107 1.68018 -3.7832 10.933537
2217 -0.9308 1.01162 -5.107 1.66831 -3.7832 10.663742
2218 -0.9308 1.00608 -5.107 1.65644 -3.7832 10.393947
2219 -0.9308 1.00054 -5.107 1.64457 -3.7832 10.124152
2220 -0.9308 0.995 -5.107 1.6327 -3.7832 9.8543571
2221 -0.9308 0.99023 -5.00344 1.62294 -3.7832 9.5845622
2222 -0.9308 0.98546 -4.89988 1.61318 -3.7832 9.3147673
2223 -0.9308 0.98069 -4.79632 1.60342 -3.7832 9.0449724
2224 -0.9308 0.97592 -4.69276 1.59366 -3.7832 8.7751776
2225 -0.9308 0.97115 -4.5892 1.5839 -3.7832 8.5053827
2226 -0.9308 0.96638 -4.48564 1.57414 -3.7832 8.2355878
2227 -0.9308 0.96161 -4.38208 1.56438 -3.7832 7.9657929
2228 -0.9308 0.95684 -4.27852 1.55462 -3.7832 7.695998
2229 -0.9308 0.95207 -4.17496 1.54486 -3.7832 7.4262031
2230 -0.9308 0.9473 -4.0714 1.5351 -3.7832 7.1564082
2231 -0.9308 0.94314 -3.96784 1.52697 -3.61404 6.8866133
2232 -0.9308 0.93898 -3.86428 1.51884 -3.44488 6.6168184
2233 -0.9308 0.93482 -3.76072 1.51071 -3.27572 6.3470235
2234 -0.9308 0.93066 -3.65716 1.50258 -3.10656 6.0772286
2235 -0.9308 0.9265 -3.5536 1.49445 -2.9374 5.8074337
2236 -0.9308 0.92234 -3.45004 1.48632 -2.76824 5.5376388
2237 -0.9308 0.91818 -3.34648 1.47819 -2.59908 5.2678439
2238 -0.9308 0.91402 -3.24292 1.47006 -2.42992 4.998049
2239 -0.9308 0.90986 -3.13936 1.46193 -2.26076 4.7282541
2240 -0.9308 0.9057 -3.0358 1.4538 -2.0916 4.4584592
2241 -0.9308 0.90206 -2.9322143 1.44702 -1.9224375 4.1886643
2242 -0.9308 0.89842 -2.8286286 1.44024 -1.753275 3.9188694
2243 -0.9308 0.89478 -2.7250429 1.43346 -1.5841125 3.6490745
2244 -0.9308 0.89114 -2.6214571 1.42668 -1.41495 3.3792796
2245 -0.9308 0.8875 -2.5178714 1.4199 -1.2457875 3.1094847
2246 -0.9308 0.88386 -2.4142857 1.41312 -1.076625 2.8396898
2247 -0.9308 0.88022 -2.3107 1.40634 -0.9074625 2.5698949
2248 -0.9308 0.87658 -2.3068 1.39956 -0.7383 2.3001
2249 -0.9308 0.87294 -2.2569 1.39278 -0.5147 2.088
2250 -0.9308 0.8693 -2.1708 1.386 -0.4636 2.0458
2251 -0.9308 0.8661 -2.1289 1.380872 -0.4232 2.05004
2252 -0.9308 0.8629 -2.0919 1.375744 -0.3849 2.05428
2253 -0.9308 0.8597 -2.0577 1.370616 -0.35 2.05852
2254 -0.9308 0.8565 -2.0267 1.365488 -0.3177 2.06276
2255 -0.9308 0.8533 -1.9981 1.36036 -0.2877 2.067
2256 -0.9308 0.8501 -1.97316 1.355232 -0.26266 2.07852
2257 -0.9308 0.8469 -1.94822 1.350104 -0.23762 2.09004
2258 -0.9308 0.8437 -1.92328 1.344976 -0.21258 2.10156
2259 -0.9308 0.8405 -1.89834 1.339848 -0.18754 2.11308
2260 -0.9308 0.8373 -1.8734 1.33472 -0.1625 2.1246
2261 -0.9308 0.83445 -1.8511 1.329592 -0.14292 2.1217267
2262 -0.9308 0.8316 -1.8288 1.324464 -0.12334 2.1188533
2263 -0.9308 0.82875 -1.8065 1.319336 -0.10376 2.11598
2264 -0.9308 0.8259 -1.7842 1.314208 -0.08418 2.1131067
2265 -0.9308 0.82305 -1.7619 1.30908 -0.0646 2.1102333
2266 -0.9308 0.8202 -1.74512 1.303952 -0.04856 2.10736
2267 -0.9308 0.81735 -1.72834 1.298824 -0.03252 2.1044867
2268 -0.9308 0.8145 -1.71156 1.293696 -0.01648 2.1016133
2269 -0.9308 0.81165 -1.69478 1.288568 -0.00044 2.09874
2270 -0.9308 0.8088 -1.678 1.28344 0.0156 2.0958667
2271 -0.9308 0.80629 -1.66166 1.278312 0.02912 2.0929933
2272 -0.9308 0.80378 -1.64532 1.273184 0.04264 2.09012
2273 -0.9308 0.80127 -1.62898 1.268056 0.05616 2.0872467
2274 -0.9308 0.79876 -1.61264 1.262928 0.06968 2.0843733
2275 -0.9308 0.79625 -1.5963 1.2578 0.0832 2.0815
2276 -0.9308 0.79374 -1.58398 1.254232 0.091984 2.078004
2277 -0.9308 0.79123 -1.57166 1.250664 0.100768 2.074508
2278 -0.9308 0.78872 -1.55934 1.247096 0.109552 2.071012
2279 -0.9308 0.78621 -1.54702 1.243528 0.118336 2.067516
2280 -0.9308 0.7837 -1.5347 1.23996 0.12712 2.06402
2281 -0.9308 0.78142 -1.52238 1.236392 0.135904 2.060524
2282 -0.9308 0.77914 -1.51006 1.232824 0.144688 2.057028
2283 -0.9308 0.77686 -1.49774 1.229256 0.153472 2.053532
2284 -0.9308 0.77458 -1.48542 1.225688 0.162256 2.050036
2285 -0.9308 0.7723 -1.4731 1.22212 0.17104 2.04654
2286 -0.9308 0.77002 -1.46344 1.218552 0.179824 2.043044
2287 -0.9308 0.76774 -1.45378 1.214984 0.188608 2.039548
2288 -0.9308 0.76546 -1.44412 1.211416 0.197392 2.036052
2289 -0.9308 0.76318 -1.43446 1.207848 0.206176 2.032556
2290 -0.9308 0.7609 -1.4248 1.20428 0.21496 2.02906
2291 -0.9308 0.75884 -1.41568 1.200712 0.223744 2.025564
2292 -0.9308 0.75678 -1.40656 1.197144 0.232528 2.022068
2293 -0.9308 0.75472 -1.39744 1.193576 0.241312 2.018572
2294 -0.9308 0.75266 -1.38832 1.190008 0.250096 2.015076
2295 -0.9308 0.7506 -1.3792 1.18644 0.25888 2.01158
2296 -0.9308 0.74854 -1.37094 1.182872 0.267664 2.008084
2297 -0.9308 0.74648 -1.36268 1.179304 0.276448 2.004588
2298 -0.9308 0.74442 -1.35442 1.175736 0.285232 2.001092
2299 -0.9308 0.74236 -1.34616 1.172168 0.294016 1.997596
2300 -0.9308 0.7403 -1.3379 1.1686 0.3028 1.9941
2301 -0.9308 0.738714 -1.33099 1.165964 0.307172 1.991988
2302 -0.9308 0.737128 -1.32408 1.163328 0.311544 1.989876
2303 -0.9308 0.735542 -1.31717 1.160692 0.315916 1.987764
2304 -0.9308 0.733956 -1.31026 1.158056 0.320288 1.985652
2305 -0.9308 0.73237 -1.30335 1.15542 0.32466 1.98354
2306 -0.9308 0.730784 -1.29644 1.152784 0.329032 1.981428
2307 -0.9308 0.729198 -1.28953 1.150148 0.333404 1.979316
2308 -0.9308 0.727612 -1.28262 1.147512 0.337776 1.977204
2309 -0.9308 0.726026 -1.27571 1.144876 0.342148 1.975092
2310 -0.9308 0.72444 -1.2688 1.14224 0.34652 1.97298
2311 -0.9308 0.722854 -1.26332 1.139604 0.350892 1.970868
2312 -0.9308 0.721268 -1.25784 1.136968 0.355264 1.968756
2313 -0.9308 0.719682 -1.25236 1.134332 0.359636 1.966644
2314 -0.9308 0.718096 -1.24688 1.131696 0.364008 1.964532
2315 -0.9308 0.71651 -1.2414 1.12906 0.36838 1.96242
2316 -0.9308 0.714924 -1.23592 1.126424 0.372752 1.960308
2317 -0.9308 0.713338 -1.23044 1.123788 0.377124 1.958196
2318 -0.9308 0.711752 -1.22496 1.121152 0.381496 1.956084
2319 -0.9308 0.710166 -1.21948 1.118516 0.385868 1.953972
2320 -0.9308 0.70858 -1.214 1.11588 0.39024 1.95186
2321 -0.9308 0.706994 -1.20966 1.113244 0.394612 1.949748
2322 -0.9308 0.705408 -1.20532 1.110608 0.398984 1.947636
2323 -0.9308 0.703822 -1.20098 1.107972 0.403356 1.945524
2324 -0.9308 0.702236 -1.19664 1.105336 0.407728 1.943412
2325 -0.9308 0.70065 -1.1923 1.1027 0.4121 1.9413
2326 -0.9308 0.699064 -1.18796 1.100632 0.414264 1.939188
2327 -0.9308 0.697478 -1.18362 1.098564 0.416428 1.937076
2328 -0.9308 0.695892 -1.17928 1.096496 0.418592 1.934964
2329 -0.9308 0.694306 -1.17494 1.094428 0.420756 1.932852
2330 -0.9308 0.69272 -1.1706 1.09236 0.42292 1.93074
2331 -0.9308 0.691134 -1.16716 1.090292 0.425084 1.928628
2332 -0.9308 0.689548 -1.16372 1.088224 0.427248 1.926516
2333 -0.9308 0.687962 -1.16028 1.086156 0.429412 1.924404
2334 -0.9308 0.686376 -1.15684 1.084088 0.431576 1.922292
2335 -0.9308 0.68479 -1.1534 1.08202 0.43374 1.92018
2336 -0.9308 0.683204 -1.14996 1.079952 0.435904 1.918068
2337 -0.9308 0.681618 -1.14652 1.077884 0.438068 1.915956
2338 -0.9308 0.680032 -1.14308 1.075816 0.440232 1.913844
2339 -0.9308 0.678446 -1.13964 1.073748 0.442396 1.911732
2340 -0.9308 0.67686 -1.1362 1.07168 0.44456 1.90962
2341 -0.9308 0.675274 -1.13352 1.069612 0.446724 1.907508
2342 -0.9308 0.673688 -1.13084 1.067544 0.448888 1.905396
2343 -0.9308 0.672102 -1.12816 1.065476 0.451052 1.903284
2344 -0.9308 0.670516 -1.12548 1.063408 0.453216 1.901172
2345 -0.9308 0.66893 -1.1228 1.06134 0.45538 1.89906
2346 -0.9308 0.667344 -1.12012 1.059272 0.457544 1.896948
2347 -0.9308 0.665758 -1.11744 1.057204 0.459708 1.894836
2348 -0.9308 0.664172 -1.11476 1.055136 0.461872 1.892724
2349 -0.9308 0.662586 -1.11208 1.053068 0.464036 1.890612
2350 -0.9308 0.661 -1.1094 1.051 0.4662 1.8885
2351 -0.9308 0.659886 -1.107212 1.049292 0.467188 1.885994
2352 -0.9308 0.658772 -1.105024 1.047584 0.468176 1.883488
2353 -0.9308 0.657658 -1.102836 1.045876 0.469164 1.880982
2354 -0.9308 0.656544 -1.100648 1.044168 0.470152 1.878476
2355 -0.9308 0.65543 -1.09846 1.04246 0.47114 1.87597
2356 -0.9308 0.654316 -1.096272 1.040752 0.472128 1.873464
2357 -0.9308 0.653202 -1.094084 1.039044 0.473116 1.870958
2358 -0.9308 0.652088 -1.091896 1.037336 0.474104 1.868452
2359 -0.9308 0.650974 -1.089708 1.035628 0.475092 1.865946
2360 -0.9308 0.64986 -1.08752 1.03392 0.47608 1.86344
2361 -0.9308 0.648746 -1.085332 1.032212 0.477068 1.860934
2362 -0.9308 0.647632 -1.083144 1.030504 0.478056 1.858428
2363 -0.9308 0.646518 -1.080956 1.028796 0.479044 1.855922
2364 -0.9308 0.645404 -1.078768 1.027088 0.480032 1.853416
2365 -0.9308 0.64429 -1.07658 1.02538 0.48102 1.85091
2366 -0.9308 0.643176 -1.074392 1.023672 0.482008 1.848404
2367 -0.9308 0.642062 -1.072204 1.021964 0.482996 1.845898
2368 -0.9308 0.640948 -1.070016 1.020256 0.483984 1.843392
2369 -0.9308 0.639834 -1.067828 1.018548 0.484972 1.840886
2370 -0.9308 0.63872 -1.06564 1.01684 0.48596 1.83838
2371 -0.9308 0.637606 -1.063452 1.015132 0.486948 1.835874
2372 -0.9308 0.636492 -1.061264 1.013424 0.487936 1.833368
2373 -0.9308 0.635378 -1.059076 1.011716 0.488924 1.830862
2374 -0.9308 0.634264 -1.056888 1.010008 0.489912 1.828356
2375 -0.9308 0.63315 -1.0547 1.0083 0.4909 1.82585
2376 -0.9308 0.632036 -1.053516 1.006816 0.491244 1.823344
2377 -0.9308 0.630922 -1.052332 1.005332 0.491588 1.820838
2378 -0.9308 0.629808 -1.051148 1.003848 0.491932 1.818332
2379 -0.9308 0.628694 -1.049964 1.002364 0.492276 1.815826
2380 -0.9308 0.62758 -1.04878 1.00088 0.49262 1.81332
2381 -0.9308 0.626466 -1.047596 0.999396 0.492964 1.810814
2382 -0.9308 0.625352 -1.046412 0.997912 0.493308 1.808308
2383 -0.9308 0.624238 -1.045228 0.996428 0.493652 1.805802
2384 -0.9308 0.623124 -1.044044 0.994944 0.493996 1.803296
2385 -0.9308 0.62201 -1.04286 0.99346 0.49434 1.80079
2386 -0.9308 0.620896 -1.041676 0.991976 0.494684 1.798284
2387 -0.9308 0.619782 -1.040492 0.990492 0.495028 1.795778
2388 -0.9308 0.618668 -1.039308 0.989008 0.495372 1.793272
2389 -0.9308 0.617554 -1.038124 0.987524 0.495716 1.790766
2390 -0.9308 0.61644 -1.03694 0.98604 0.49606 1.78826
2391 -0.9308 0.615326 -1.035756 0.984556 0.496404 1.785754
2392 -0.9308 0.614212 -1.034572 0.983072 0.496748 1.783248
2393 -0.9308 0.613098 -1.033388 0.981588 0.497092 1.780742
2394 -0.9308 0.611984 -1.032204 0.980104 0.497436 1.778236
2395 -0.9308 0.61087 -1.03102 0.97862 0.49778 1.77573
2396 -0.9308 0.609756 -1.029836 0.977136 0.498124 1.773224
2397 -0.9308 0.608642 -1.028652 0.975652 0.498468 1.770718
2398 -0.9308 0.607528 -1.027468 0.974168 0.498812 1.768212
2399 -0.9308 0.606414 -1.026284 0.972684 0.499156 1.765706
2400 -0.9308 0.6053 -1.0251 0.9712 0.4995 1.7632
2401 -0.9308 0.604434 -1.024358 0.969888 0.499484 1.760278
2402 -0.9308 0.603568 -1.023616 0.968576 0.499468 1.757356
2403 -0.9308 0.602702 -1.022874 0.967264 0.499452 1.754434
2404 -0.9308 0.601836 -1.022132 0.965952 0.499436 1.751512
2405 -0.9308 0.60097 -1.02139 0.96464 0.49942 1.74859
2406 -0.9308 0.600104 -1.020648 0.963328 0.499404 1.745668
2407 -0.9308 0.599238 -1.019906 0.962016 0.499388 1.742746
2408 -0.9308 0.598372 -1.019164 0.960704 0.499372 1.739824
2409 -0.9308 0.597506 -1.018422 0.959392 0.499356 1.736902
2410 -0.9308 0.59664 -1.01768 0.95808 0.49934 1.73398
2411 -0.9308 0.595774 -1.016938 0.956768 0.499324 1.731058
2412 -0.9308 0.594908 -1.016196 0.955456 0.499308 1.728136
2413 -0.9308 0.594042 -1.015454 0.954144 0.499292 1.725214
2414 -0.9308 0.593176 -1.014712 0.952832 0.499276 1.722292
2415 -0.9308 0.59231 -1.01397 0.95152 0.49926 1.71937
2416 -0.9308 0.591444 -1.013228 0.950208 0.499244 1.716448
2417 -0.9308 0.590578 -1.012486 0.948896 0.499228 1.713526
2418 -0.9308 0.589712 -1.011744 0.947584 0.499212 1.710604
2419 -0.9308 0.588846 -1.011002 0.946272 0.499196 1.707682
2420 -0.9308 0.58798 -1.01026 0.94496 0.49918 1.70476
2421 -0.9308 0.587114 -1.009518 0.943648 0.499164 1.701838
2422 -0.9308 0.586248 -1.008776 0.942336 0.499148 1.698916
2423 -0.9308 0.585382 -1.008034 0.941024 0.499132 1.695994
2424 -0.9308 0.584516 -1.007292 0.939712 0.499116 1.693072
2425 -0.9308 0.58365 -1.00655 0.9384 0.4991 1.69015
2426 -0.9308 0.582784 -1.005808 0.937196 0.498884 1.687228
2427 -0.9308 0.581918 -1.005066 0.935992 0.498668 1.684306
2428 -0.9308 0.581052 -1.004324 0.934788 0.498452 1.681384
2429 -0.9308 0.580186 -1.003582 0.933584 0.498236 1.678462
2430 -0.9308 0.57932 -1.00284 0.93238 0.49802 1.67554
2431 -0.9308 0.578454 -1.002098 0.931176 0.497804 1.672618
2432 -0.9308 0.577588 -1.001356 0.929972 0.497588 1.669696
2433 -0.9308 0.576722 -1.000614 0.928768 0.497372 1.666774
2434 -0.9308 0.575856 -0.999872 0.927564 0.497156 1.663852
2435 -0.9308 0.57499 -0.99913 0.92636 0.49694 1.66093
2436 -0.9308 0.574124 -0.998388 0.925156 0.496724 1.658008
2437 -0.9308 0.573258 -0.997646 0.923952 0.496508 1.655086
2438 -0.9308 0.572392 -0.996904 0.922748 0.496292 1.652164
2439 -0.9308 0.571526 -0.996162 0.921544 0.496076 1.649242
2440 -0.9308 0.57066 -0.99542 0.92034 0.49586 1.64632
2441 -0.9308 0.569794 -0.994678 0.919136 0.495644 1.643398
2442 -0.9308 0.568928 -0.993936 0.917932 0.495428 1.640476
2443 -0.9308 0.568062 -0.993194 0.916728 0.495212 1.637554
2444 -0.9308 0.567196 -0.992452 0.915524 0.494996 1.634632
2445 -0.9308 0.56633 -0.99171 0.91432 0.49478 1.63171
2446 -0.9308 0.565464 -0.990968 0.913116 0.494564 1.628788
2447 -0.9308 0.564598 -0.990226 0.911912 0.494348 1.625866
2448 -0.9308 0.563732 -0.989484 0.910708 0.494132 1.622944
2449 -0.9308 0.562866 -0.988742 0.909504 0.493916 1.620022
2450 -0.9308 0.562 -0.988 0.9083 0.4937 1.6171
2451 -0.9308 0.56425 -0.986854 0.907176 0.493372 1.61445
2452 -0.9308 0.5665 -0.985708 0.906052 0.493044 1.6118
2453 -0.9308 0.56875 -0.984562 0.904928 0.492716 1.60915
2454 -0.9308 0.571 -0.983416 0.903804 0.492388 1.6065
2455 -0.9308 0.57325 -0.98227 0.90268 0.49206 1.60385
2456 -0.9308 0.5755 -0.981124 0.901556 0.491732 1.6012
2457 -0.9308 0.57775 -0.979978 0.900432 0.491404 1.59855
2458 -0.9308 0.58 -0.978832 0.899308 0.491076 1.5959
2459 -0.9308 0.58225 -0.977686 0.898184 0.490748 1.59325
2460 -0.9308 0.5845 -0.97654 0.89706 0.49042 1.5906
2461 -0.9308 0.58675 -0.975394 0.895936 0.490092 1.58795
2462 -0.9308 0.589 -0.974248 0.894812 0.489764 1.5853
2463 -0.9308 0.59125 -0.973102 0.893688 0.489436 1.58265
2464 -0.9308 0.5935 -0.971956 0.892564 0.489108 1.58
2465 -0.9308 0.59575 -0.97081 0.89144 0.48878 1.57735
2466 -0.9308 0.598 -0.969664 0.890316 0.488452 1.5747
2467 -0.9308 0.60025 -0.968518 0.889192 0.488124 1.57205
2468 -0.9308 0.6025 -0.967372 0.888068 0.487796 1.5694
2469 -0.9308 0.60475 -0.966226 0.886944 0.487468 1.56675
2470 -0.9308 0.607 -0.96508 0.88582 0.48714 1.5641
2471 -0.9308 0.60925 -0.963934 0.884696 0.486812 1.56145
2472 -0.9308 0.6115 -0.962788 0.883572 0.486484 1.5588
2473 -0.9308 0.61375 -0.961642 0.882448 0.486156 1.55615
2474 -0.9308 0.616 -0.960496 0.881324 0.485828 1.5535
2475 -0.9308 0.61825 -0.95935 0.8802 0.4855 1.55085
2476 -0.9308 0.6205 -0.958204 0.879152 0.485104 1.5482
2477 -0.9308 0.62275 -0.957058 0.878104 0.484708 1.54555
2478 -0.9308 0.625 -0.955912 0.877056 0.484312 1.5429
2479 -0.9308 0.62725 -0.954766 0.876008 0.483916 1.54025
2480 -0.9308 0.6295 -0.95362 0.87496 0.48352 1.5376
2481 -0.9308 0.63175 -0.952474 0.873912 0.483124 1.53495
2482 -0.9308 0.634 -0.951328 0.872864 0.482728 1.5323
2483 -0.9308 0.63625 -0.950182 0.871816 0.482332 1.52965
2484 -0.9308 0.6385 -0.949036 0.870768 0.481936 1.527
2485 -0.9308 0.64075 -0.94789 0.86972 0.48154 1.52435
2486 -0.9308 0.643 -0.946744 0.868672 0.481144 1.5217
2487 -0.9308 0.64525 -0.945598 0.867624 0.480748 1.51905
2488 -0.9308 0.6475 -0.944452 0.866576 0.480352 1.5164
2489 -0.9308 0.64975 -0.943306 0.865528 0.479956 1.51375
2490 -0.9308 0.652 -0.94216 0.86448 0.47956 1.5111
2491 -0.9308 0.65425 -0.941014 0.863432 0.479164 1.50845
2492 -0.9308 0.6565 -0.939868 0.862384 0.478768 1.5058
2493 -0.9308 0.65875 -0.938722 0.861336 0.478372 1.50315
2494 -0.9308 0.661 -0.937576 0.860288 0.477976 1.5005
2495 -0.9308 0.66325 -0.93643 0.85924 0.47758 1.49785
2496 -0.9308 0.6655 -0.935284 0.858192 0.477184 1.4952
2497 -0.9308 0.66775 -0.934138 0.857144 0.476788 1.49255
2498 -0.9308 0.67 -0.932992 0.856096 0.476392 1.4899
2499 -0.9308 0.67225 -0.931846 0.855048 0.475996 1.48725
2500 -0.9308 0.6745 -0.9307 0.854 0.4756 1.4846
